from pypokerengine.utils.card_utils import estimate_hole_card_win_rate
from pypokerengine.engine.card import Card
import multiprocessing
from datetime import datetime

def estimate(hole_cards):                        
    return estimate_hole_card_win_rate(100000, 2, [Card.from_id(i) for i in hole_cards], [])

def job((h1, h2)):
    win_rate = estimate([h1, h2])
    print(h1, h2, win_rate)
    return win_rate

def run_estimation():
    start = datetime.now()
    jobs = []
    for h1 in xrange(1, 53):
        for h2 in xrange(1, 53):
            if h1 < h2:
                jobs += [[h1, h2]]

    p = multiprocessing.Pool(20)
    results = p.map(job, jobs)
    win_rates = [[0] * 52 for _ in xrange(0, 52)]
    for (i, result) in enumerate(results):
        win_rates[jobs[i][0] - 1][jobs[i][1] - 1] = result
        win_rates[jobs[i][1] - 1][jobs[i][0] - 1] = result

    end = datetime.now()
    with open('win_rate_estimates.txt', 'w') as f:
        f.write(str(win_rates))
    print('Time taken = ' + str((end - start).total_seconds()) + ' s')

estimates = [[0, 0.56081, 0.57228, 0.5897, 0.59522, 0.6137, 0.61841, 0.63344, 0.63874, 0.65564, 0.6664, 0.67384, 0.67874, 0.85483, 0.53674, 0.54877, 0.56385, 0.57665, 0.59183, 0.60043, 0.61027, 0.62221, 0.63814, 0.64668, 0.65594, 0.66269, 0.85469, 0.53762, 0.55178, 0.56561, 0.5786, 0.59165, 0.60528, 0.61231, 0.62003, 0.64046, 0.64637, 0.65496, 0.66515, 0.85614, 0.5334, 0.55016, 0.56548, 0.57601, 0.59154, 0.59975, 0.61166, 0.62, 0.64139, 0.64642, 0.65604, 0.66482], [0.56081, 0, 0.32534, 0.33504, 0.35022, 0.36624, 0.37515, 0.39433, 0.41524, 0.44143, 0.46778, 0.49453, 0.52841, 0.5349, 0.49587, 0.28534, 0.30093, 0.3177, 0.33206, 0.33806, 0.35982, 0.38161, 0.41108, 0.43981, 0.46913, 0.49999, 0.53351, 0.49443, 0.28211, 0.29918, 0.31443, 0.33342, 0.33877, 0.35978, 0.3837, 0.41142, 0.43985, 0.46719, 0.50256, 0.53929, 0.49253, 0.28328, 0.29832, 0.31413, 0.33162, 0.33837, 0.35856, 0.38546, 0.41103, 0.43917, 0.46738, 0.50064], [0.57228, 0.32534, 0, 0.36218, 0.37766, 0.39035, 0.39665, 0.40462, 0.42939, 0.45498, 0.47813, 0.50813, 0.54416, 0.55042, 0.28526, 0.52932, 0.32202, 0.33916, 0.35817, 0.36384, 0.37025, 0.39973, 0.42342, 0.45021, 0.48272, 0.51226, 0.54955, 0.28537, 0.52971, 0.32319, 0.33907, 0.35797, 0.36051, 0.37071, 0.39817, 0.42358, 0.45149, 0.48076, 0.5163, 0.54788, 0.28408, 0.52852, 0.32304, 0.33524, 0.35922, 0.36122, 0.37356, 0.39801, 0.42775, 0.45125, 0.4834, 0.51686], [0.5897, 0.33504, 0.36218, 0, 0.39986, 0.41609, 0.41996, 0.43018, 0.445, 0.46984, 0.4942, 0.52131, 0.553, 0.56368, 0.29843, 0.32169, 0.56342, 0.36244, 0.38094, 0.38623, 0.39664, 0.41185, 0.43802, 0.46529, 0.49617, 0.53216, 0.56241, 0.29704, 0.32211, 0.56317, 0.3609, 0.3843, 0.38463, 0.39462, 0.41022, 0.43718, 0.46786, 0.49781, 0.52738, 0.56545, 0.2965, 0.32143, 0.56452, 0.36349, 0.37831, 0.38729, 0.39884, 0.40991, 0.43745, 0.46682, 0.49758, 0.53037], [0.59522, 0.35022, 0.37766, 0.39986, 0, 0.43606, 0.44146, 0.44938, 0.46334, 0.4807, 0.50459, 0.531, 0.56825, 0.57893, 0.31472, 0.33613, 0.3613, 0.5981, 0.40342, 0.40951, 0.41917, 0.43465, 0.44867, 0.47895, 0.50913, 0.5409, 0.57832, 0.31424, 0.33972, 0.3622, 0.59783, 0.40458, 0.4116, 0.42195, 0.43579, 0.45068, 0.47876, 0.51002, 0.5423, 0.57579, 0.31542, 0.33819, 0.36121, 0.59754, 0.40518, 0.41134, 0.41819, 0.43364, 0.44992, 0.47827, 0.511, 0.54411], [0.6137, 0.36624, 0.39035, 0.41609, 0.43606, 0, 0.46541, 0.47257, 0.48765, 0.50181, 0.51953, 0.54892, 0.57672, 0.59034, 0.33265, 0.35882, 0.37946, 0.4025, 0.63356, 0.43123, 0.44119, 0.45581, 0.47194, 0.49003, 0.52344, 0.55894, 0.59173, 0.33323, 0.35841, 0.38151, 0.40411, 0.63249, 0.43058, 0.44172, 0.45574, 0.47464, 0.49277, 0.52344, 0.5548, 0.59213, 0.33586, 0.35791, 0.37777, 0.4063, 0.632, 0.43218, 0.44423, 0.45749, 0.47504, 0.49161, 0.52121, 0.55657], [0.61841, 0.37515, 0.39665, 0.41996, 0.44146, 0.46541, 0, 0.49024, 0.50109, 0.51816, 0.53584, 0.55473, 0.59054, 0.60454, 0.34121, 0.36039, 0.38805, 0.40912, 0.43262, 0.66472, 0.45957, 0.47531, 0.49027, 0.50827, 0.53224, 0.56773, 0.60168, 0.33644, 0.36074, 0.38494, 0.41059, 0.43185, 0.6654, 0.46071, 0.47685, 0.49071, 0.51225, 0.53117, 0.56503, 0.60316, 0.3378, 0.36109, 0.38557, 0.41013, 0.43159, 0.66612, 0.46258, 0.4767, 0.49417, 0.51012, 0.53145, 0.56946], [0.63344, 0.39433, 0.40462, 0.43018, 0.44938, 0.47257, 0.49024, 0, 0.52073, 0.53519, 0.55502, 0.57282, 0.59914, 0.61381, 0.3647, 0.37353, 0.39357, 0.42094, 0.44339, 0.46186, 0.69472, 0.49259, 0.51232, 0.52731, 0.54913, 0.5747, 0.61462, 0.36066, 0.37244, 0.39667, 0.42291, 0.44139, 0.46124, 0.69382, 0.49273, 0.51122, 0.52942, 0.55049, 0.57478, 0.60908, 0.35951, 0.37311, 0.39572, 0.42141, 0.4449, 0.46236, 0.69577, 0.49207, 0.50766, 0.52848, 0.55024, 0.57701], [0.63874, 0.41524, 0.42939, 0.445, 0.46334, 0.48765, 0.50109, 0.52073, 0, 0.55081, 0.56576, 0.58936, 0.61427, 0.62043, 0.38377, 0.3991, 0.40979, 0.43255, 0.45801, 0.47367, 0.49235, 0.72176, 0.5255, 0.54445, 0.56915, 0.58973, 0.62211, 0.38286, 0.39637, 0.41248, 0.43228, 0.45702, 0.47467, 0.49184, 0.72352, 0.52668, 0.54791, 0.56735, 0.59257, 0.62099, 0.3849, 0.39864, 0.4103, 0.43564, 0.45767, 0.47536, 0.49241, 0.72389, 0.52748, 0.54575, 0.56884, 0.59146], [0.65564, 0.44143, 0.45498, 0.46984, 0.4807, 0.50181, 0.51816, 0.53519, 0.55081, 0, 0.58781, 0.60769, 0.62917, 0.63944, 0.40987, 0.42255, 0.43774, 0.44864, 0.47164, 0.49083, 0.50963, 0.52549, 0.75288, 0.56428, 0.58748, 0.60936, 0.64063, 0.41395, 0.42591, 0.43706, 0.45099, 0.4717, 0.49122, 0.50753, 0.52975, 0.75511, 0.56299, 0.58756, 0.61021, 0.63796, 0.41229, 0.42512, 0.43779, 0.45118, 0.4731, 0.49124, 0.51233, 0.52726, 0.75478, 0.56383, 0.58458, 0.61216], [0.6664, 0.46778, 0.47813, 0.4942, 0.50459, 0.51953, 0.53584, 0.55502, 0.56576, 0.58781, 0, 0.61667, 0.63716, 0.64559, 0.43818, 0.45115, 0.46588, 0.48111, 0.49016, 0.51203, 0.52859, 0.5461, 0.56362, 0.77958, 0.59427, 0.61998, 0.64678, 0.43963, 0.44821, 0.46298, 0.48209, 0.49028, 0.50996, 0.52547, 0.54422, 0.56595, 0.78016, 0.59718, 0.61961, 0.64574, 0.43652, 0.45349, 0.46398, 0.48086, 0.48999, 0.51158, 0.52549, 0.54606, 0.5645, 0.77846, 0.59287, 0.61852], [0.67384, 0.49453, 0.50813, 0.52131, 0.531, 0.54892, 0.55473, 0.57282, 0.58936, 0.60769, 0.61667, 0, 0.64636, 0.65774, 0.46605, 0.48186, 0.4953, 0.50739, 0.52299, 0.53193, 0.54944, 0.56511, 0.58704, 0.59682, 0.80394, 0.62805, 0.65464, 0.46794, 0.48561, 0.49622, 0.50993, 0.52314, 0.53451, 0.55005, 0.56773, 0.58187, 0.59607, 0.80491, 0.62905, 0.65458, 0.4675, 0.48248, 0.49631, 0.51107, 0.52415, 0.53481, 0.55172, 0.56717, 0.58567, 0.59412, 0.80476, 0.62569], [0.67874, 0.52841, 0.54416, 0.553, 0.56825, 0.57672, 0.59054, 0.59914, 0.61427, 0.62917, 0.63716, 0.64636, 0, 0.66349, 0.50419, 0.51504, 0.52836, 0.5414, 0.55719, 0.56619, 0.57407, 0.59294, 0.61348, 0.6177, 0.62727, 0.8309, 0.66215, 0.50021, 0.51319, 0.53292, 0.54268, 0.55597, 0.56648, 0.57488, 0.59373, 0.6115, 0.61457, 0.62605, 0.82961, 0.66157, 0.50382, 0.51655, 0.52745, 0.54048, 0.55527, 0.56756, 0.57326, 0.59244, 0.61327, 0.6195, 0.62745, 0.82933], [0.85483, 0.5349, 0.55042, 0.56368, 0.57893, 0.59034, 0.60454, 0.61381, 0.62043, 0.63944, 0.64559, 0.65774, 0.66349, 0, 0.55968, 0.57415, 0.58941, 0.59897, 0.61142, 0.6244, 0.63279, 0.64093, 0.65598, 0.66659, 0.67413, 0.68238, 0.85693, 0.53616, 0.54992, 0.56363, 0.5789, 0.58896, 0.60108, 0.61512, 0.62073, 0.63932, 0.6473, 0.65489, 0.66426, 0.85704, 0.53837, 0.54929, 0.56371, 0.57725, 0.58985, 0.60268, 0.61192, 0.62051, 0.64139, 0.64213, 0.65373, 0.66463], [0.53674, 0.49587, 0.28526, 0.29843, 0.31472, 0.33265, 0.34121, 0.3647, 0.38377, 0.40987, 0.43818, 0.46605, 0.50419, 0.55968, 0, 0.32333, 0.33637, 0.35226, 0.3698, 0.37486, 0.39801, 0.41828, 0.4396, 0.46625, 0.49561, 0.52587, 0.53687, 0.49329, 0.28692, 0.29899, 0.31742, 0.33643, 0.33727, 0.36166, 0.38558, 0.41063, 0.43669, 0.46323, 0.49909, 0.53746, 0.49623, 0.28564, 0.29884, 0.31304, 0.33362, 0.33668, 0.36012, 0.38331, 0.4088, 0.43725, 0.46931, 0.50156], [0.54877, 0.28534, 0.52932, 0.32169, 0.33613, 0.35882, 0.36039, 0.37353, 0.3991, 0.42255, 0.45115, 0.48186, 0.51504, 0.57415, 0.32333, 0, 0.35902, 0.3751, 0.39292, 0.39694, 0.40548, 0.43082, 0.45688, 0.48165, 0.50872, 0.54079, 0.55246, 0.28575, 0.53091, 0.32211, 0.33801, 0.35796, 0.36229, 0.37128, 0.39885, 0.42386, 0.45276, 0.48247, 0.51416, 0.5486, 0.285, 0.53264, 0.32364, 0.33978, 0.35723, 0.36199, 0.37136, 0.39781, 0.42432, 0.45381, 0.48329, 0.51411], [0.56385, 0.30093, 0.32202, 0.56342, 0.3613, 0.37946, 0.38805, 0.39357, 0.40979, 0.43774, 0.46588, 0.4953, 0.52836, 0.58941, 0.33637, 0.35902, 0, 0.39676, 0.41583, 0.42092, 0.43092, 0.44149, 0.46801, 0.49443, 0.52225, 0.55365, 0.56293, 0.29833, 0.31987, 0.5641, 0.3622, 0.38135, 0.38713, 0.39511, 0.41233, 0.43923, 0.46334, 0.49597, 0.52784, 0.56203, 0.29793, 0.32346, 0.56664, 0.3618, 0.37998, 0.38948, 0.39768, 0.41233, 0.43809, 0.46462, 0.49414, 0.52822], [0.57665, 0.3177, 0.33916, 0.36244, 0.5981, 0.4025, 0.40912, 0.42094, 0.43255, 0.44864, 0.48111, 0.50739, 0.5414, 0.59897, 0.35226, 0.3751, 0.39676, 0, 0.43626, 0.44228, 0.44966, 0.46436, 0.47924, 0.50456, 0.53262, 0.56553, 0.57804, 0.31057, 0.33549, 0.36341, 0.59886, 0.40264, 0.41056, 0.41933, 0.43564, 0.44953, 0.47671, 0.50708, 0.54342, 0.57823, 0.31509, 0.33818, 0.36313, 0.59791, 0.40209, 0.41098, 0.42133, 0.43087, 0.44951, 0.47933, 0.51086, 0.54134], [0.59183, 0.33206, 0.35817, 0.38094, 0.40342, 0.63356, 0.43262, 0.44339, 0.45801, 0.47164, 0.49016, 0.52299, 0.55719, 0.61142, 0.3698, 0.39292, 0.41583, 0.43626, 0, 0.46233, 0.47192, 0.48574, 0.50175, 0.51664, 0.54966, 0.57704, 0.5943, 0.334, 0.35762, 0.38291, 0.40542, 0.63216, 0.43209, 0.44103, 0.4576, 0.47066, 0.49259, 0.52491, 0.55612, 0.59067, 0.33282, 0.35766, 0.38219, 0.40318, 0.63409, 0.43007, 0.44277, 0.45574, 0.47275, 0.49091, 0.52561, 0.55412], [0.60043, 0.33806, 0.36384, 0.38623, 0.40951, 0.43123, 0.66472, 0.46186, 0.47367, 0.49083, 0.51203, 0.53193, 0.56619, 0.6244, 0.37486, 0.39694, 0.42092, 0.44228, 0.46233, 0, 0.4864, 0.50416, 0.51833, 0.53824, 0.5591, 0.58766, 0.603, 0.33592, 0.36255, 0.387, 0.41126, 0.43045, 0.66424, 0.46045, 0.47348, 0.49002, 0.51329, 0.53354, 0.566, 0.59936, 0.33711, 0.36513, 0.38731, 0.4076, 0.43142, 0.66312, 0.45989, 0.47247, 0.49336, 0.50806, 0.53311, 0.56218], [0.61027, 0.35982, 0.37025, 0.39664, 0.41917, 0.44119, 0.45957, 0.69472, 0.49235, 0.50963, 0.52859, 0.54944, 0.57407, 0.63279, 0.39801, 0.40548, 0.43092, 0.44966, 0.47192, 0.4864, 0, 0.5204, 0.5386, 0.55254, 0.57406, 0.59852, 0.61224, 0.36146, 0.37185, 0.39531, 0.42137, 0.44151, 0.46124, 0.69353, 0.49063, 0.51082, 0.53207, 0.55391, 0.57712, 0.61281, 0.35977, 0.37309, 0.39647, 0.42143, 0.44199, 0.46222, 0.69394, 0.49441, 0.51025, 0.52945, 0.54877, 0.57714], [0.62221, 0.38161, 0.39973, 0.41185, 0.43465, 0.45581, 0.47531, 0.49259, 0.72176, 0.52549, 0.5461, 0.56511, 0.59294, 0.64093, 0.41828, 0.43082, 0.44149, 0.46436, 0.48574, 0.50416, 0.5204, 0, 0.55484, 0.567, 0.58879, 0.6126, 0.6195, 0.38412, 0.39751, 0.40784, 0.43041, 0.45964, 0.47303, 0.49353, 0.72416, 0.52714, 0.54408, 0.56831, 0.59106, 0.62117, 0.38377, 0.39717, 0.40963, 0.43234, 0.45702, 0.47613, 0.49309, 0.72346, 0.52503, 0.54389, 0.56504, 0.59151], [0.63814, 0.41108, 0.42342, 0.43802, 0.44867, 0.47194, 0.49027, 0.51232, 0.5255, 0.75288, 0.56362, 0.58704, 0.61348, 0.65598, 0.4396, 0.45688, 0.46801, 0.47924, 0.50175, 0.51833, 0.5386, 0.55484, 0, 0.58432, 0.60623, 0.63089, 0.6389, 0.41125, 0.42409, 0.44116, 0.4496, 0.47134, 0.49151, 0.50868, 0.52966, 0.75312, 0.56413, 0.58619, 0.61136, 0.63867, 0.41219, 0.4254, 0.43966, 0.452, 0.47387, 0.49102, 0.51047, 0.52775, 0.75378, 0.56574, 0.58462, 0.61128], [0.64668, 0.43981, 0.45021, 0.46529, 0.47895, 0.49003, 0.50827, 0.52731, 0.54445, 0.56428, 0.77958, 0.59682, 0.6177, 0.66659, 0.46625, 0.48165, 0.49443, 0.50456, 0.51664, 0.53824, 0.55254, 0.567, 0.58432, 0, 0.61289, 0.64088, 0.64766, 0.44211, 0.44942, 0.46529, 0.4808, 0.49496, 0.51087, 0.52779, 0.54788, 0.56574, 0.78054, 0.59633, 0.6175, 0.64705, 0.44001, 0.45203, 0.46699, 0.48292, 0.48852, 0.50852, 0.5291, 0.54719, 0.56446, 0.78061, 0.59464, 0.6176], [0.65594, 0.46913, 0.48272, 0.49617, 0.50913, 0.52344, 0.53224, 0.54913, 0.56915, 0.58748, 0.59427, 0.80394, 0.62727, 0.67413, 0.49561, 0.50872, 0.52225, 0.53262, 0.54966, 0.5591, 0.57406, 0.58879, 0.60623, 0.61289, 0, 0.64687, 0.65482, 0.46567, 0.4848, 0.49419, 0.51112, 0.5259, 0.5326, 0.55135, 0.56802, 0.58517, 0.59429, 0.80525, 0.62577, 0.65267, 0.46673, 0.4801, 0.49716, 0.50692, 0.5252, 0.53086, 0.55115, 0.56543, 0.58881, 0.59489, 0.80523, 0.62356], [0.66269, 0.49999, 0.51226, 0.53216, 0.5409, 0.55894, 0.56773, 0.5747, 0.58973, 0.60936, 0.61998, 0.62805, 0.8309, 0.68238, 0.52587, 0.54079, 0.55365, 0.56553, 0.57704, 0.58766, 0.59852, 0.6126, 0.63089, 0.64088, 0.64687, 0, 0.66204, 0.50368, 0.51415, 0.52979, 0.54345, 0.55638, 0.56375, 0.57578, 0.58984, 0.61055, 0.61906, 0.62838, 0.83137, 0.65972, 0.50184, 0.51493, 0.52914, 0.54297, 0.5533, 0.56461, 0.57679, 0.59182, 0.6091, 0.61677, 0.62929, 0.83039], [0.85469, 0.53351, 0.54955, 0.56241, 0.57832, 0.59173, 0.60168, 0.61462, 0.62211, 0.64063, 0.64678, 0.65464, 0.66215, 0.85693, 0.53687, 0.55246, 0.56293, 0.57804, 0.5943, 0.603, 0.61224, 0.6195, 0.6389, 0.64766, 0.65482, 0.66204, 0, 0.56386, 0.57199, 0.58517, 0.6009, 0.61296, 0.624, 0.62859, 0.63919, 0.65691, 0.66424, 0.67254, 0.67985, 0.85492, 0.53638, 0.5495, 0.56519, 0.57733, 0.59212, 0.60069, 0.60985, 0.62004, 0.64002, 0.64724, 0.65509, 0.66207], [0.53762, 0.49443, 0.28537, 0.29704, 0.31424, 0.33323, 0.33644, 0.36066, 0.38286, 0.41395, 0.43963, 0.46794, 0.50021, 0.53616, 0.49329, 0.28575, 0.29833, 0.31057, 0.334, 0.33592, 0.36146, 0.38412, 0.41125, 0.44211, 0.46567, 0.50368, 0.56386, 0, 0.32699, 0.33732, 0.35119, 0.37243, 0.37463, 0.39569, 0.41832, 0.44288, 0.46652, 0.49228, 0.52408, 0.53506, 0.49339, 0.28496, 0.29632, 0.31503, 0.33076, 0.33752, 0.36018, 0.38545, 0.40908, 0.43501, 0.4683, 0.50205], [0.55178, 0.28211, 0.52971, 0.32211, 0.33972, 0.35841, 0.36074, 0.37244, 0.39637, 0.42591, 0.44821, 0.48561, 0.51319, 0.54992, 0.28692, 0.53091, 0.31987, 0.33549, 0.35762, 0.36255, 0.37185, 0.39751, 0.42409, 0.44942, 0.4848, 0.51415, 0.57199, 0.32699, 0, 0.35728, 0.37634, 0.39234, 0.39658, 0.40382, 0.42988, 0.45695, 0.4785, 0.50917, 0.53755, 0.55012, 0.28516, 0.53156, 0.32066, 0.33688, 0.35993, 0.36188, 0.37259, 0.39905, 0.42392, 0.45234, 0.48298, 0.51524], [0.56561, 0.29918, 0.32319, 0.56317, 0.3622, 0.38151, 0.38494, 0.39667, 0.41248, 0.43706, 0.46298, 0.49622, 0.53292, 0.56363, 0.29899, 0.32211, 0.5641, 0.36341, 0.38291, 0.387, 0.39531, 0.40784, 0.44116, 0.46529, 0.49419, 0.52979, 0.58517, 0.33732, 0.35728, 0, 0.39748, 0.4152, 0.41996, 0.43086, 0.44146, 0.46899, 0.4957, 0.52356, 0.55524, 0.56543, 0.30019, 0.32095, 0.56513, 0.36284, 0.38047, 0.38435, 0.39481, 0.41141, 0.43793, 0.46733, 0.49409, 0.52926], [0.5786, 0.31443, 0.33907, 0.3609, 0.59783, 0.40411, 0.41059, 0.42291, 0.43228, 0.45099, 0.48209, 0.50993, 0.54268, 0.5789, 0.31742, 0.33801, 0.3622, 0.59886, 0.40542, 0.41126, 0.42137, 0.43041, 0.4496, 0.4808, 0.51112, 0.54345, 0.6009, 0.35119, 0.37634, 0.39748, 0, 0.43911, 0.4422, 0.45406, 0.46315, 0.47721, 0.50448, 0.53366, 0.56554, 0.58081, 0.31355, 0.33881, 0.36181, 0.59859, 0.40291, 0.40679, 0.42012, 0.43493, 0.4512, 0.48238, 0.50899, 0.54321], [0.59165, 0.33342, 0.35797, 0.3843, 0.40458, 0.63249, 0.43185, 0.44139, 0.45702, 0.4717, 0.49028, 0.52314, 0.55597, 0.58896, 0.33643, 0.35796, 0.38135, 0.40264, 0.63216, 0.43045, 0.44151, 0.45964, 0.47134, 0.49496, 0.5259, 0.55638, 0.61296, 0.37243, 0.39234, 0.4152, 0.43911, 0, 0.46207, 0.47357, 0.48869, 0.49985, 0.51614, 0.54553, 0.57963, 0.59118, 0.33353, 0.35813, 0.38342, 0.4034, 0.63423, 0.43355, 0.44351, 0.45738, 0.47213, 0.48984, 0.52457, 0.5558], [0.60528, 0.33877, 0.36051, 0.38463, 0.4116, 0.43058, 0.6654, 0.46124, 0.47467, 0.49122, 0.50996, 0.53451, 0.56648, 0.60108, 0.33727, 0.36229, 0.38713, 0.41056, 0.43209, 0.66424, 0.46124, 0.47303, 0.49151, 0.51087, 0.5326, 0.56375, 0.624, 0.37463, 0.39658, 0.41996, 0.4422, 0.46207, 0, 0.48944, 0.50298, 0.51721, 0.53633, 0.5573, 0.58859, 0.60068, 0.33821, 0.3642, 0.38502, 0.40701, 0.43253, 0.66545, 0.46144, 0.47675, 0.49053, 0.51188, 0.53045, 0.56473], [0.61231, 0.35978, 0.37071, 0.39462, 0.42195, 0.44172, 0.46071, 0.69382, 0.49184, 0.50753, 0.52547, 0.55005, 0.57488, 0.61512, 0.36166, 0.37128, 0.39511, 0.41933, 0.44103, 0.46045, 0.69353, 0.49353, 0.50868, 0.52779, 0.55135, 0.57578, 0.62859, 0.39569, 0.40382, 0.43086, 0.45406, 0.47357, 0.48944, 0, 0.51839, 0.53495, 0.55191, 0.57237, 0.59668, 0.61407, 0.36187, 0.37209, 0.39387, 0.4184, 0.43918, 0.46211, 0.69383, 0.49176, 0.5107, 0.52787, 0.55048, 0.5725], [0.62003, 0.3837, 0.39817, 0.41022, 0.43579, 0.45574, 0.47685, 0.49273, 0.72352, 0.52975, 0.54422, 0.56773, 0.59373, 0.62073, 0.38558, 0.39885, 0.41233, 0.43564, 0.4576, 0.47348, 0.49063, 0.72416, 0.52966, 0.54788, 0.56802, 0.58984, 0.63919, 0.41832, 0.42988, 0.44146, 0.46315, 0.48869, 0.50298, 0.51839, 0, 0.55048, 0.56883, 0.5882, 0.61231, 0.6197, 0.38503, 0.39839, 0.40913, 0.43286, 0.45891, 0.47277, 0.49503, 0.72444, 0.52794, 0.54466, 0.5685, 0.59277], [0.64046, 0.41142, 0.42358, 0.43718, 0.45068, 0.47464, 0.49071, 0.51122, 0.52668, 0.75511, 0.56595, 0.58187, 0.6115, 0.63932, 0.41063, 0.42386, 0.43923, 0.44953, 0.47066, 0.49002, 0.51082, 0.52714, 0.75312, 0.56574, 0.58517, 0.61055, 0.65691, 0.44288, 0.45695, 0.46899, 0.47721, 0.49985, 0.51721, 0.53495, 0.55048, 0, 0.58571, 0.60748, 0.63239, 0.63736, 0.41249, 0.42461, 0.43882, 0.44995, 0.47242, 0.49039, 0.50953, 0.52934, 0.75317, 0.56253, 0.58736, 0.61231], [0.64637, 0.43985, 0.45149, 0.46786, 0.47876, 0.49277, 0.51225, 0.52942, 0.54791, 0.56299, 0.78016, 0.59607, 0.61457, 0.6473, 0.43669, 0.45276, 0.46334, 0.47671, 0.49259, 0.51329, 0.53207, 0.54408, 0.56413, 0.78054, 0.59429, 0.61906, 0.66424, 0.46652, 0.4785, 0.4957, 0.50448, 0.51614, 0.53633, 0.55191, 0.56883, 0.58571, 0, 0.61475, 0.63745, 0.64669, 0.43925, 0.45005, 0.46807, 0.48021, 0.49295, 0.50783, 0.52774, 0.54371, 0.56369, 0.78022, 0.59155, 0.61929], [0.65496, 0.46719, 0.48076, 0.49781, 0.51002, 0.52344, 0.53117, 0.55049, 0.56735, 0.58756, 0.59718, 0.80491, 0.62605, 0.65489, 0.46323, 0.48247, 0.49597, 0.50708, 0.52491, 0.53354, 0.55391, 0.56831, 0.58619, 0.59633, 0.80525, 0.62838, 0.67254, 0.49228, 0.50917, 0.52356, 0.53366, 0.54553, 0.5573, 0.57237, 0.5882, 0.60748, 0.61475, 0, 0.64896, 0.65611, 0.46692, 0.48422, 0.49624, 0.50788, 0.52283, 0.53119, 0.54974, 0.56955, 0.58758, 0.5928, 0.8054, 0.62886], [0.66515, 0.50256, 0.5163, 0.52738, 0.5423, 0.5548, 0.56503, 0.57478, 0.59257, 0.61021, 0.61961, 0.62905, 0.82961, 0.66426, 0.49909, 0.51416, 0.52784, 0.54342, 0.55612, 0.566, 0.57712, 0.59106, 0.61136, 0.6175, 0.62577, 0.83137, 0.67985, 0.52408, 0.53755, 0.55524, 0.56554, 0.57963, 0.58859, 0.59668, 0.61231, 0.63239, 0.63745, 0.64896, 0, 0.66483, 0.50216, 0.51467, 0.52821, 0.54453, 0.55816, 0.56662, 0.57362, 0.58984, 0.60964, 0.62011, 0.62561, 0.83093], [0.85614, 0.53929, 0.54788, 0.56545, 0.57579, 0.59213, 0.60316, 0.60908, 0.62099, 0.63796, 0.64574, 0.65458, 0.66157, 0.85704, 0.53746, 0.5486, 0.56203, 0.57823, 0.59067, 0.59936, 0.61281, 0.62117, 0.63867, 0.64705, 0.65267, 0.65972, 0.85492, 0.53506, 0.55012, 0.56543, 0.58081, 0.59118, 0.60068, 0.61407, 0.6197, 0.63736, 0.64669, 0.65611, 0.66483, 0, 0.56005, 0.57259, 0.58781, 0.59696, 0.61025, 0.62236, 0.63094, 0.6403, 0.65893, 0.66694, 0.671, 0.67837], [0.5334, 0.49253, 0.28408, 0.2965, 0.31542, 0.33586, 0.3378, 0.35951, 0.3849, 0.41229, 0.43652, 0.4675, 0.50382, 0.53837, 0.49623, 0.285, 0.29793, 0.31509, 0.33282, 0.33711, 0.35977, 0.38377, 0.41219, 0.44001, 0.46673, 0.50184, 0.53638, 0.49339, 0.28516, 0.30019, 0.31355, 0.33353, 0.33821, 0.36187, 0.38503, 0.41249, 0.43925, 0.46692, 0.50216, 0.56005, 0, 0.32648, 0.33924, 0.35244, 0.36634, 0.37419, 0.39601, 0.41743, 0.44209, 0.46804, 0.49621, 0.52922], [0.55016, 0.28328, 0.52852, 0.32143, 0.33819, 0.35791, 0.36109, 0.37311, 0.39864, 0.42512, 0.45349, 0.48248, 0.51655, 0.54929, 0.28564, 0.53264, 0.32346, 0.33818, 0.35766, 0.36513, 0.37309, 0.39717, 0.4254, 0.45203, 0.4801, 0.51493, 0.5495, 0.28496, 0.53156, 0.32095, 0.33881, 0.35813, 0.3642, 0.37209, 0.39839, 0.42461, 0.45005, 0.48422, 0.51467, 0.57259, 0.32648, 0, 0.36157, 0.37949, 0.39339, 0.39647, 0.40849, 0.42829, 0.45606, 0.47723, 0.50983, 0.53848], [0.56548, 0.29832, 0.32304, 0.56452, 0.36121, 0.37777, 0.38557, 0.39572, 0.4103, 0.43779, 0.46398, 0.49631, 0.52745, 0.56371, 0.29884, 0.32364, 0.56664, 0.36313, 0.38219, 0.38731, 0.39647, 0.40963, 0.43966, 0.46699, 0.49716, 0.52914, 0.56519, 0.29632, 0.32066, 0.56513, 0.36181, 0.38342, 0.38502, 0.39387, 0.40913, 0.43882, 0.46807, 0.49624, 0.52821, 0.58781, 0.33924, 0.36157, 0, 0.39813, 0.41252, 0.41889, 0.43115, 0.44173, 0.46712, 0.49491, 0.52256, 0.55219], [0.57601, 0.31413, 0.33524, 0.36349, 0.59754, 0.4063, 0.41013, 0.42141, 0.43564, 0.45118, 0.48086, 0.51107, 0.54048, 0.57725, 0.31304, 0.33978, 0.3618, 0.59791, 0.40318, 0.4076, 0.42143, 0.43234, 0.452, 0.48292, 0.50692, 0.54297, 0.57733, 0.31503, 0.33688, 0.36284, 0.59859, 0.4034, 0.40701, 0.4184, 0.43286, 0.44995, 0.48021, 0.50788, 0.54453, 0.59696, 0.35244, 0.37949, 0.39813, 0, 0.43689, 0.44282, 0.4503, 0.46417, 0.47695, 0.50672, 0.53608, 0.56451], [0.59154, 0.33162, 0.35922, 0.37831, 0.40518, 0.632, 0.43159, 0.4449, 0.45767, 0.4731, 0.48999, 0.52415, 0.55527, 0.58985, 0.33362, 0.35723, 0.37998, 0.40209, 0.63409, 0.43142, 0.44199, 0.45702, 0.47387, 0.48852, 0.5252, 0.5533, 0.59212, 0.33076, 0.35993, 0.38047, 0.40291, 0.63423, 0.43253, 0.43918, 0.45891, 0.47242, 0.49295, 0.52283, 0.55816, 0.61025, 0.36634, 0.39339, 0.41252, 0.43689, 0, 0.46007, 0.47442, 0.48444, 0.50264, 0.51864, 0.55075, 0.579], [0.59975, 0.33837, 0.36122, 0.38729, 0.41134, 0.43218, 0.66612, 0.46236, 0.47536, 0.49124, 0.51158, 0.53481, 0.56756, 0.60268, 0.33668, 0.36199, 0.38948, 0.41098, 0.43007, 0.66312, 0.46222, 0.47613, 0.49102, 0.50852, 0.53086, 0.56461, 0.60069, 0.33752, 0.36188, 0.38435, 0.40679, 0.43355, 0.66545, 0.46211, 0.47277, 0.49039, 0.50783, 0.53119, 0.56662, 0.62236, 0.37419, 0.39647, 0.41889, 0.44282, 0.46007, 0, 0.48951, 0.50265, 0.51872, 0.53644, 0.55927, 0.589], [0.61166, 0.35856, 0.37356, 0.39884, 0.41819, 0.44423, 0.46258, 0.69577, 0.49241, 0.51233, 0.52549, 0.55172, 0.57326, 0.61192, 0.36012, 0.37136, 0.39768, 0.42133, 0.44277, 0.45989, 0.69394, 0.49309, 0.51047, 0.5291, 0.55115, 0.57679, 0.60985, 0.36018, 0.37259, 0.39481, 0.42012, 0.44351, 0.46144, 0.69383, 0.49503, 0.50953, 0.52774, 0.54974, 0.57362, 0.63094, 0.39601, 0.40849, 0.43115, 0.4503, 0.47442, 0.48951, 0, 0.51974, 0.53573, 0.55383, 0.57504, 0.59921], [0.62, 0.38546, 0.39801, 0.40991, 0.43364, 0.45749, 0.4767, 0.49207, 0.72389, 0.52726, 0.54606, 0.56717, 0.59244, 0.62051, 0.38331, 0.39781, 0.41233, 0.43087, 0.45574, 0.47247, 0.49441, 0.72346, 0.52775, 0.54719, 0.56543, 0.59182, 0.62004, 0.38545, 0.39905, 0.41141, 0.43493, 0.45738, 0.47675, 0.49176, 0.72444, 0.52934, 0.54371, 0.56955, 0.58984, 0.6403, 0.41743, 0.42829, 0.44173, 0.46417, 0.48444, 0.50265, 0.51974, 0, 0.55149, 0.56972, 0.59155, 0.61322], [0.64139, 0.41103, 0.42775, 0.43745, 0.44992, 0.47504, 0.49417, 0.50766, 0.52748, 0.75478, 0.5645, 0.58567, 0.61327, 0.64139, 0.4088, 0.42432, 0.43809, 0.44951, 0.47275, 0.49336, 0.51025, 0.52503, 0.75378, 0.56446, 0.58881, 0.6091, 0.64002, 0.40908, 0.42392, 0.43793, 0.4512, 0.47213, 0.49053, 0.5107, 0.52794, 0.75317, 0.56369, 0.58758, 0.60964, 0.65893, 0.44209, 0.45606, 0.46712, 0.47695, 0.50264, 0.51872, 0.53573, 0.55149, 0, 0.58408, 0.60739, 0.62915], [0.64642, 0.43917, 0.45125, 0.46682, 0.47827, 0.49161, 0.51012, 0.52848, 0.54575, 0.56383, 0.77846, 0.59412, 0.6195, 0.64213, 0.43725, 0.45381, 0.46462, 0.47933, 0.49091, 0.50806, 0.52945, 0.54389, 0.56574, 0.78061, 0.59489, 0.61677, 0.64724, 0.43501, 0.45234, 0.46733, 0.48238, 0.48984, 0.51188, 0.52787, 0.54466, 0.56253, 0.78022, 0.5928, 0.62011, 0.66694, 0.46804, 0.47723, 0.49491, 0.50672, 0.51864, 0.53644, 0.55383, 0.56972, 0.58408, 0, 0.61389, 0.63942], [0.65604, 0.46738, 0.4834, 0.49758, 0.511, 0.52121, 0.53145, 0.55024, 0.56884, 0.58458, 0.59287, 0.80476, 0.62745, 0.65373, 0.46931, 0.48329, 0.49414, 0.51086, 0.52561, 0.53311, 0.54877, 0.56504, 0.58462, 0.59464, 0.80523, 0.62929, 0.65509, 0.4683, 0.48298, 0.49409, 0.50899, 0.52457, 0.53045, 0.55048, 0.5685, 0.58736, 0.59155, 0.8054, 0.62561, 0.671, 0.49621, 0.50983, 0.52256, 0.53608, 0.55075, 0.55927, 0.57504, 0.59155, 0.60739, 0.61389, 0, 0.64579], [0.66482, 0.50064, 0.51686, 0.53037, 0.54411, 0.55657, 0.56946, 0.57701, 0.59146, 0.61216, 0.61852, 0.62569, 0.82933, 0.66463, 0.50156, 0.51411, 0.52822, 0.54134, 0.55412, 0.56218, 0.57714, 0.59151, 0.61128, 0.6176, 0.62356, 0.83039, 0.66207, 0.50205, 0.51524, 0.52926, 0.54321, 0.5558, 0.56473, 0.5725, 0.59277, 0.61231, 0.61929, 0.62886, 0.83093, 0.67837, 0.52922, 0.53848, 0.55219, 0.56451, 0.579, 0.589, 0.59921, 0.61322, 0.62915, 0.63942, 0.64579, 0]]

