estimates = [[0, 0.59328, 0.60151, 0.60921, 0.6158, 0.61747, 0.62495, 0.63355, 0.63971, 0.65721, 0.66793, 0.67124, 0.67794, 0.85582, 0.56863, 0.57806, 0.58791, 0.59806, 0.59472, 0.60368, 0.61396, 0.62181, 0.63848, 0.64306, 0.6528, 0.66072, 0.8539, 0.56891, 0.57724, 0.58952, 0.5982, 0.59512, 0.60741, 0.614, 0.62007, 0.63826, 0.64635, 0.65136, 0.6621, 0.8534, 0.56677, 0.58058, 0.58639, 0.59451, 0.59519, 0.60354, 0.61424, 0.62249, 0.63951, 0.64484, 0.653, 0.66256], [0.59328, 0, 0.38863, 0.39584, 0.40619, 0.40999, 0.40996, 0.43055, 0.44654, 0.47168, 0.49365, 0.52085, 0.55157, 0.5699, 0.51184, 0.35291, 0.36296, 0.37436, 0.36779, 0.37446, 0.39557, 0.41749, 0.44092, 0.46605, 0.49591, 0.52348, 0.56995, 0.51554, 0.35436, 0.36517, 0.37687, 0.37312, 0.37279, 0.39396, 0.41589, 0.4428, 0.46837, 0.49565, 0.52643, 0.56829, 0.51057, 0.35429, 0.36353, 0.37535, 0.36882, 0.37389, 0.394, 0.41763, 0.44413, 0.46626, 0.49396, 0.52643], [0.60151, 0.38863, 0, 0.41501, 0.42785, 0.42737, 0.4273, 0.43362, 0.45857, 0.47867, 0.50584, 0.53087, 0.56141, 0.58004, 0.35552, 0.5447, 0.38301, 0.39476, 0.39069, 0.39873, 0.40355, 0.42389, 0.44906, 0.47537, 0.50481, 0.53796, 0.5745, 0.35545, 0.54301, 0.3854, 0.39315, 0.394, 0.39539, 0.40214, 0.42285, 0.44973, 0.47523, 0.50556, 0.53521, 0.57848, 0.35274, 0.54537, 0.38217, 0.39447, 0.38823, 0.3934, 0.40291, 0.42383, 0.452, 0.47539, 0.50584, 0.53432], [0.60921, 0.39584, 0.41501, 0, 0.44638, 0.44041, 0.44213, 0.45324, 0.46271, 0.48576, 0.51542, 0.54013, 0.57039, 0.58897, 0.36519, 0.38102, 0.57614, 0.41241, 0.41142, 0.41466, 0.42517, 0.43152, 0.45965, 0.48425, 0.51439, 0.54584, 0.58648, 0.36501, 0.38204, 0.57896, 0.41192, 0.40871, 0.41581, 0.42162, 0.43601, 0.45887, 0.48569, 0.51125, 0.54555, 0.59063, 0.36431, 0.38328, 0.57826, 0.41295, 0.41308, 0.41428, 0.42293, 0.43218, 0.45853, 0.48488, 0.51298, 0.54579], [0.6158, 0.40619, 0.42785, 0.44638, 0, 0.4605, 0.46599, 0.47083, 0.48273, 0.49587, 0.5227, 0.55104, 0.57878, 0.59585, 0.37457, 0.39573, 0.41235, 0.61062, 0.42742, 0.43565, 0.43988, 0.45256, 0.46459, 0.4949, 0.52612, 0.55492, 0.5984, 0.37656, 0.39526, 0.41213, 0.61273, 0.42914, 0.43203, 0.44044, 0.45084, 0.46726, 0.49434, 0.52167, 0.55372, 0.59288, 0.37411, 0.3966, 0.41346, 0.61056, 0.43191, 0.4345, 0.44379, 0.4507, 0.46734, 0.49501, 0.51915, 0.55289], [0.61747, 0.40999, 0.42737, 0.44041, 0.4605, 0, 0.4786, 0.48818, 0.4976, 0.50966, 0.52672, 0.55491, 0.58515, 0.59453, 0.37131, 0.38998, 0.41256, 0.42697, 0.63634, 0.44868, 0.46011, 0.46889, 0.48156, 0.49988, 0.52963, 0.56228, 0.59397, 0.37037, 0.39216, 0.40801, 0.42989, 0.63772, 0.44868, 0.45628, 0.4703, 0.48527, 0.49868, 0.52969, 0.5615, 0.59431, 0.36853, 0.3903, 0.41014, 0.42949, 0.63999, 0.4506, 0.45774, 0.46831, 0.48442, 0.49903, 0.52997, 0.56142], [0.62495, 0.40996, 0.4273, 0.44213, 0.46599, 0.4786, 0, 0.50318, 0.51324, 0.52509, 0.54099, 0.56103, 0.59102, 0.60581, 0.37591, 0.39411, 0.41392, 0.43326, 0.44779, 0.667, 0.47363, 0.48696, 0.49936, 0.5143, 0.53553, 0.56949, 0.6044, 0.37343, 0.39633, 0.41452, 0.43465, 0.45401, 0.66858, 0.47643, 0.48602, 0.5024, 0.51699, 0.53777, 0.56961, 0.60473, 0.37318, 0.39666, 0.41707, 0.43533, 0.44692, 0.66862, 0.47439, 0.48683, 0.5007, 0.51424, 0.53512, 0.56952], [0.63355, 0.43055, 0.43362, 0.45324, 0.47083, 0.48818, 0.50318, 0, 0.52624, 0.54008, 0.55777, 0.57493, 0.59792, 0.61409, 0.39794, 0.39995, 0.42039, 0.44166, 0.46089, 0.47355, 0.6962, 0.5033, 0.51761, 0.53396, 0.5535, 0.5776, 0.61458, 0.39709, 0.40332, 0.42226, 0.44341, 0.45608, 0.47517, 0.69672, 0.50137, 0.51892, 0.53131, 0.54987, 0.57804, 0.61483, 0.39614, 0.40386, 0.42119, 0.4431, 0.45981, 0.4753, 0.69506, 0.49951, 0.51587, 0.53475, 0.55392, 0.57581], [0.63971, 0.44654, 0.45857, 0.46271, 0.48273, 0.4976, 0.51324, 0.52624, 0, 0.55637, 0.57414, 0.59081, 0.61338, 0.6207, 0.41834, 0.42847, 0.43147, 0.45532, 0.46938, 0.48633, 0.49943, 0.72517, 0.5308, 0.54784, 0.57027, 0.59006, 0.62072, 0.4163, 0.42676, 0.43295, 0.45207, 0.46794, 0.48458, 0.50248, 0.72405, 0.53249, 0.54543, 0.56976, 0.58998, 0.62085, 0.41579, 0.42448, 0.43243, 0.45164, 0.46891, 0.48486, 0.5017, 0.72491, 0.532, 0.54938, 0.5689, 0.59259], [0.65721, 0.47168, 0.47867, 0.48576, 0.49587, 0.50966, 0.52509, 0.54008, 0.55637, 0, 0.58601, 0.61058, 0.6342, 0.63919, 0.44081, 0.45089, 0.46183, 0.46898, 0.48146, 0.50139, 0.51743, 0.53278, 0.75327, 0.5659, 0.58418, 0.61021, 0.63685, 0.43971, 0.45106, 0.45706, 0.46574, 0.48239, 0.50125, 0.51528, 0.53084, 0.75327, 0.56779, 0.58634, 0.61042, 0.63981, 0.44092, 0.45152, 0.46011, 0.46522, 0.48265, 0.50159, 0.51504, 0.53252, 0.75302, 0.56815, 0.58757, 0.6104], [0.66793, 0.49365, 0.50584, 0.51542, 0.5227, 0.52672, 0.54099, 0.55777, 0.57414, 0.58601, 0, 0.6171, 0.63619, 0.64366, 0.4659, 0.47494, 0.48596, 0.49644, 0.49796, 0.51909, 0.5328, 0.54908, 0.56617, 0.77689, 0.5937, 0.61426, 0.64661, 0.46636, 0.47671, 0.48533, 0.49365, 0.49904, 0.51598, 0.53213, 0.54988, 0.56796, 0.77807, 0.5923, 0.61907, 0.64602, 0.46565, 0.47479, 0.48444, 0.49292, 0.49611, 0.51503, 0.53303, 0.5478, 0.56349, 0.77927, 0.59246, 0.6163], [0.67124, 0.52085, 0.53087, 0.54013, 0.55104, 0.55491, 0.56103, 0.57493, 0.59081, 0.61058, 0.6171, 0, 0.6479, 0.65403, 0.4941, 0.5057, 0.5122, 0.52158, 0.53309, 0.53887, 0.55508, 0.56621, 0.58783, 0.59127, 0.80432, 0.62508, 0.65629, 0.49621, 0.5016, 0.51404, 0.52133, 0.53053, 0.53749, 0.55442, 0.56953, 0.5857, 0.59334, 0.80391, 0.62386, 0.65275, 0.49586, 0.50142, 0.51477, 0.52162, 0.52973, 0.53591, 0.55127, 0.56786, 0.58586, 0.59364, 0.80298, 0.6265], [0.67794, 0.55157, 0.56141, 0.57039, 0.57878, 0.58515, 0.59102, 0.59792, 0.61338, 0.6342, 0.63619, 0.6479, 0, 0.66278, 0.52547, 0.5347, 0.54517, 0.55414, 0.56298, 0.56827, 0.5763, 0.59131, 0.61129, 0.61528, 0.62275, 0.825, 0.65971, 0.52736, 0.53451, 0.54143, 0.55616, 0.56078, 0.57142, 0.57681, 0.59266, 0.61225, 0.61369, 0.62555, 0.82747, 0.66352, 0.52444, 0.53514, 0.54563, 0.55471, 0.5614, 0.57117, 0.57647, 0.59191, 0.61008, 0.61662, 0.62242, 0.82689], [0.85582, 0.5699, 0.58004, 0.58897, 0.59585, 0.59453, 0.60581, 0.61409, 0.6207, 0.63919, 0.64366, 0.65403, 0.66278, 0, 0.59068, 0.60403, 0.61047, 0.61868, 0.61699, 0.62733, 0.63413, 0.64113, 0.65711, 0.6652, 0.67052, 0.67723, 0.85541, 0.56744, 0.57588, 0.58929, 0.5959, 0.59363, 0.60818, 0.61304, 0.62224, 0.63919, 0.64572, 0.65516, 0.66167, 0.85405, 0.56816, 0.57907, 0.58381, 0.59813, 0.59332, 0.60441, 0.61283, 0.62371, 0.6376, 0.64443, 0.65495, 0.66451], [0.56863, 0.51184, 0.35552, 0.36519, 0.37457, 0.37131, 0.37591, 0.39794, 0.41834, 0.44081, 0.4659, 0.4941, 0.52547, 0.59068, 0, 0.38812, 0.39643, 0.40904, 0.40586, 0.40958, 0.42968, 0.44922, 0.47227, 0.4957, 0.52174, 0.55048, 0.56849, 0.5121, 0.35441, 0.36279, 0.37569, 0.3663, 0.37672, 0.39515, 0.41695, 0.44121, 0.46611, 0.49367, 0.52776, 0.56868, 0.51464, 0.35375, 0.36235, 0.3743, 0.37348, 0.37288, 0.39577, 0.41722, 0.44018, 0.469, 0.49531, 0.5238], [0.57806, 0.35291, 0.5447, 0.38102, 0.39573, 0.38998, 0.39411, 0.39995, 0.42847, 0.45089, 0.47494, 0.5057, 0.5347, 0.60403, 0.38812, 0, 0.41383, 0.42355, 0.42525, 0.42724, 0.43294, 0.45399, 0.48091, 0.50534, 0.52992, 0.5627, 0.58032, 0.35476, 0.54441, 0.38393, 0.39525, 0.38994, 0.39364, 0.40023, 0.4275, 0.45099, 0.47558, 0.50286, 0.5333, 0.5806, 0.35291, 0.54399, 0.38267, 0.39414, 0.38937, 0.3949, 0.40107, 0.42771, 0.44879, 0.47728, 0.5047, 0.5344], [0.58791, 0.36296, 0.38301, 0.57614, 0.41235, 0.41256, 0.41392, 0.42039, 0.43147, 0.46183, 0.48596, 0.5122, 0.54517, 0.61047, 0.39643, 0.41383, 0, 0.44221, 0.4407, 0.4477, 0.45158, 0.46395, 0.48945, 0.51237, 0.53888, 0.57021, 0.58819, 0.36342, 0.38326, 0.57781, 0.41045, 0.41017, 0.41223, 0.42126, 0.43245, 0.45979, 0.48636, 0.51478, 0.54412, 0.58956, 0.3629, 0.38369, 0.57867, 0.41445, 0.41055, 0.41439, 0.41948, 0.43145, 0.4589, 0.48528, 0.51137, 0.54475], [0.59806, 0.37436, 0.39476, 0.41241, 0.61062, 0.42697, 0.43326, 0.44166, 0.45532, 0.46898, 0.49644, 0.52158, 0.55414, 0.61868, 0.40904, 0.42355, 0.44221, 0, 0.46192, 0.46416, 0.47272, 0.48184, 0.49577, 0.52458, 0.54967, 0.57621, 0.59806, 0.37221, 0.39374, 0.41083, 0.61095, 0.4292, 0.43251, 0.43935, 0.44933, 0.46522, 0.49187, 0.52438, 0.55292, 0.59609, 0.37237, 0.39216, 0.41301, 0.6099, 0.42677, 0.43049, 0.44155, 0.45507, 0.46566, 0.49413, 0.51904, 0.55318], [0.59472, 0.36779, 0.39069, 0.41142, 0.42742, 0.63634, 0.44779, 0.46089, 0.46938, 0.48146, 0.49796, 0.53309, 0.56298, 0.61699, 0.40586, 0.42525, 0.4407, 0.46192, 0, 0.47918, 0.48685, 0.49663, 0.50987, 0.52527, 0.55349, 0.5855, 0.59191, 0.37058, 0.39064, 0.40913, 0.43012, 0.64159, 0.44889, 0.45872, 0.46871, 0.48448, 0.49871, 0.53161, 0.56136, 0.5953, 0.37159, 0.39243, 0.40821, 0.42689, 0.6416, 0.44693, 0.45802, 0.46899, 0.48129, 0.49961, 0.53209, 0.56211], [0.60368, 0.37446, 0.39873, 0.41466, 0.43565, 0.44868, 0.667, 0.47355, 0.48633, 0.50139, 0.51909, 0.53887, 0.56827, 0.62733, 0.40958, 0.42724, 0.4477, 0.46416, 0.47918, 0, 0.50105, 0.51267, 0.52473, 0.54183, 0.56153, 0.59216, 0.60323, 0.37696, 0.39875, 0.41726, 0.43426, 0.45024, 0.66393, 0.47021, 0.48435, 0.5027, 0.5207, 0.53479, 0.56845, 0.60235, 0.37497, 0.39466, 0.41319, 0.43385, 0.4499, 0.66846, 0.47259, 0.48668, 0.50105, 0.51381, 0.53699, 0.56961], [0.61396, 0.39557, 0.40355, 0.42517, 0.43988, 0.46011, 0.47363, 0.6962, 0.49943, 0.51743, 0.5328, 0.55508, 0.5763, 0.63413, 0.42968, 0.43294, 0.45158, 0.47272, 0.48685, 0.50105, 0, 0.52814, 0.54039, 0.55829, 0.57597, 0.59949, 0.61319, 0.39621, 0.40132, 0.42263, 0.44177, 0.45889, 0.4743, 0.69794, 0.50218, 0.5183, 0.5338, 0.5539, 0.57584, 0.61377, 0.3952, 0.4018, 0.42511, 0.44074, 0.45861, 0.47312, 0.69578, 0.49842, 0.51861, 0.53248, 0.55426, 0.57737], [0.62181, 0.41749, 0.42389, 0.43152, 0.45256, 0.46889, 0.48696, 0.5033, 0.72517, 0.53278, 0.54908, 0.56621, 0.59131, 0.64113, 0.44922, 0.45399, 0.46395, 0.48184, 0.49663, 0.51267, 0.52814, 0, 0.55635, 0.57179, 0.58932, 0.61239, 0.62035, 0.41926, 0.4288, 0.4333, 0.45134, 0.46845, 0.48425, 0.50099, 0.72648, 0.53377, 0.54782, 0.569, 0.59187, 0.62124, 0.41712, 0.42519, 0.43299, 0.45014, 0.46813, 0.48475, 0.49911, 0.72261, 0.52916, 0.55053, 0.56843, 0.59338], [0.63848, 0.44092, 0.44906, 0.45965, 0.46459, 0.48156, 0.49936, 0.51761, 0.5308, 0.75327, 0.56617, 0.58783, 0.61129, 0.65711, 0.47227, 0.48091, 0.48945, 0.49577, 0.50987, 0.52473, 0.54039, 0.55635, 0, 0.59095, 0.60706, 0.63187, 0.6413, 0.44258, 0.45066, 0.46158, 0.46811, 0.48297, 0.50009, 0.51355, 0.53241, 0.75394, 0.56738, 0.58543, 0.60969, 0.63798, 0.44073, 0.45116, 0.46026, 0.46673, 0.48511, 0.5011, 0.5181, 0.53278, 0.75248, 0.56788, 0.58798, 0.61092], [0.64306, 0.46605, 0.47537, 0.48425, 0.4949, 0.49988, 0.5143, 0.53396, 0.54784, 0.5659, 0.77689, 0.59127, 0.61528, 0.6652, 0.4957, 0.50534, 0.51237, 0.52458, 0.52527, 0.54183, 0.55829, 0.57179, 0.59095, 0, 0.61381, 0.63759, 0.64576, 0.46491, 0.47791, 0.48501, 0.49221, 0.49759, 0.51723, 0.5363, 0.54937, 0.56595, 0.77938, 0.59299, 0.61697, 0.64796, 0.4634, 0.47224, 0.48513, 0.49774, 0.50131, 0.51521, 0.53361, 0.54747, 0.56828, 0.77899, 0.59302, 0.61796], [0.6528, 0.49591, 0.50481, 0.51439, 0.52612, 0.52963, 0.53553, 0.5535, 0.57027, 0.58418, 0.5937, 0.80432, 0.62275, 0.67052, 0.52174, 0.52992, 0.53888, 0.54967, 0.55349, 0.56153, 0.57597, 0.58932, 0.60706, 0.61381, 0, 0.64184, 0.65317, 0.49628, 0.50341, 0.51545, 0.52308, 0.53171, 0.5356, 0.55306, 0.57065, 0.58843, 0.59397, 0.80154, 0.624, 0.65316, 0.49706, 0.5056, 0.51625, 0.52195, 0.53384, 0.53735, 0.55591, 0.56598, 0.58513, 0.59369, 0.80163, 0.62632], [0.66072, 0.52348, 0.53796, 0.54584, 0.55492, 0.56228, 0.56949, 0.5776, 0.59006, 0.61021, 0.61426, 0.62508, 0.825, 0.67723, 0.55048, 0.5627, 0.57021, 0.57621, 0.5855, 0.59216, 0.59949, 0.61239, 0.63187, 0.63759, 0.64184, 0, 0.66224, 0.52631, 0.53449, 0.54703, 0.55452, 0.56007, 0.56738, 0.57698, 0.58897, 0.6113, 0.61571, 0.62497, 0.82489, 0.66379, 0.52457, 0.53558, 0.5455, 0.55415, 0.55926, 0.5701, 0.57677, 0.59038, 0.61099, 0.61622, 0.62491, 0.82643], [0.8539, 0.56995, 0.5745, 0.58648, 0.5984, 0.59397, 0.6044, 0.61458, 0.62072, 0.63685, 0.64661, 0.65629, 0.65971, 0.85541, 0.56849, 0.58032, 0.58819, 0.59806, 0.59191, 0.60323, 0.61319, 0.62035, 0.6413, 0.64576, 0.65317, 0.66224, 0, 0.59583, 0.59887, 0.61122, 0.61924, 0.61358, 0.62092, 0.63517, 0.64171, 0.65961, 0.66328, 0.66977, 0.67606, 0.85491, 0.56701, 0.5789, 0.59025, 0.59724, 0.59283, 0.60363, 0.61374, 0.62112, 0.63723, 0.64793, 0.65481, 0.66405], [0.56891, 0.51554, 0.35545, 0.36501, 0.37656, 0.37037, 0.37343, 0.39709, 0.4163, 0.43971, 0.46636, 0.49621, 0.52736, 0.56744, 0.5121, 0.35476, 0.36342, 0.37221, 0.37058, 0.37696, 0.39621, 0.41926, 0.44258, 0.46491, 0.49628, 0.52631, 0.59583, 0, 0.38966, 0.39758, 0.40531, 0.40494, 0.4099, 0.42974, 0.4501, 0.4709, 0.49683, 0.51998, 0.55261, 0.56632, 0.51434, 0.35128, 0.3609, 0.3721, 0.3697, 0.37407, 0.39624, 0.41603, 0.44085, 0.46934, 0.49449, 0.5248], [0.57724, 0.35436, 0.54301, 0.38204, 0.39526, 0.39216, 0.39633, 0.40332, 0.42676, 0.45106, 0.47671, 0.5016, 0.53451, 0.57588, 0.35441, 0.54441, 0.38326, 0.39374, 0.39064, 0.39875, 0.40132, 0.4288, 0.45066, 0.47791, 0.50341, 0.53449, 0.59887, 0.38966, 0, 0.4155, 0.42438, 0.42264, 0.4252, 0.43071, 0.45803, 0.48109, 0.50377, 0.5308, 0.56147, 0.57855, 0.35367, 0.54377, 0.38129, 0.39413, 0.39027, 0.3953, 0.40184, 0.42587, 0.45105, 0.47616, 0.50792, 0.53825], [0.58952, 0.36517, 0.3854, 0.57896, 0.41213, 0.40801, 0.41452, 0.42226, 0.43295, 0.45706, 0.48533, 0.51404, 0.54143, 0.58929, 0.36279, 0.38393, 0.57781, 0.41083, 0.40913, 0.41726, 0.42263, 0.4333, 0.46158, 0.48501, 0.51545, 0.54703, 0.61122, 0.39758, 0.4155, 0, 0.44472, 0.44246, 0.44436, 0.45378, 0.46192, 0.48738, 0.51295, 0.53973, 0.5696, 0.58615, 0.36397, 0.38327, 0.57636, 0.41322, 0.40941, 0.41638, 0.42216, 0.43474, 0.45542, 0.48255, 0.51337, 0.54506], [0.5982, 0.37687, 0.39315, 0.41192, 0.61273, 0.42989, 0.43465, 0.44341, 0.45207, 0.46574, 0.49365, 0.52133, 0.55616, 0.5959, 0.37569, 0.39525, 0.41045, 0.61095, 0.43012, 0.43426, 0.44177, 0.45134, 0.46811, 0.49221, 0.52308, 0.55452, 0.61924, 0.40531, 0.42438, 0.44472, 0, 0.45947, 0.46522, 0.47044, 0.48167, 0.49424, 0.52126, 0.54909, 0.57676, 0.59496, 0.37676, 0.39289, 0.41246, 0.61064, 0.43036, 0.43238, 0.44121, 0.44956, 0.46599, 0.49321, 0.52272, 0.55252], [0.59512, 0.37312, 0.394, 0.40871, 0.42914, 0.63772, 0.45401, 0.45608, 0.46794, 0.48239, 0.49904, 0.53053, 0.56078, 0.59363, 0.3663, 0.38994, 0.41017, 0.4292, 0.64159, 0.45024, 0.45889, 0.46845, 0.48297, 0.49759, 0.53171, 0.56007, 0.61358, 0.40494, 0.42264, 0.44246, 0.45947, 0, 0.47889, 0.487, 0.49828, 0.51052, 0.52675, 0.55669, 0.5863, 0.59501, 0.37112, 0.38917, 0.41306, 0.42841, 0.63857, 0.44764, 0.45799, 0.46839, 0.48385, 0.49884, 0.53354, 0.56082], [0.60741, 0.37279, 0.39539, 0.41581, 0.43203, 0.44868, 0.66858, 0.47517, 0.48458, 0.50125, 0.51598, 0.53749, 0.57142, 0.60818, 0.37672, 0.39364, 0.41223, 0.43251, 0.44889, 0.66393, 0.4743, 0.48425, 0.50009, 0.51723, 0.5356, 0.56738, 0.62092, 0.4099, 0.4252, 0.44436, 0.46522, 0.47889, 0, 0.50264, 0.5106, 0.52587, 0.54251, 0.56298, 0.59355, 0.60656, 0.37475, 0.39306, 0.41435, 0.43232, 0.4504, 0.66822, 0.47246, 0.48545, 0.49859, 0.51782, 0.53661, 0.56917], [0.614, 0.39396, 0.40214, 0.42162, 0.44044, 0.45628, 0.47643, 0.69672, 0.50248, 0.51528, 0.53213, 0.55442, 0.57681, 0.61304, 0.39515, 0.40023, 0.42126, 0.43935, 0.45872, 0.47021, 0.69794, 0.50099, 0.51355, 0.5363, 0.55306, 0.57698, 0.63517, 0.42974, 0.43071, 0.45378, 0.47044, 0.487, 0.50264, 0, 0.52667, 0.53879, 0.55579, 0.57611, 0.59821, 0.61488, 0.3954, 0.40155, 0.42113, 0.44048, 0.45943, 0.47475, 0.69527, 0.50019, 0.51882, 0.5328, 0.55475, 0.57512], [0.62007, 0.41589, 0.42285, 0.43601, 0.45084, 0.4703, 0.48602, 0.50137, 0.72405, 0.53084, 0.54988, 0.56953, 0.59266, 0.62224, 0.41695, 0.4275, 0.43245, 0.44933, 0.46871, 0.48435, 0.50218, 0.72648, 0.53241, 0.54937, 0.57065, 0.58897, 0.64171, 0.4501, 0.45803, 0.46192, 0.48167, 0.49828, 0.5106, 0.52667, 0, 0.5579, 0.57133, 0.59132, 0.61136, 0.62054, 0.41584, 0.4263, 0.43292, 0.45199, 0.466, 0.48819, 0.50031, 0.72456, 0.52967, 0.54887, 0.56548, 0.59277], [0.63826, 0.4428, 0.44973, 0.45887, 0.46726, 0.48527, 0.5024, 0.51892, 0.53249, 0.75327, 0.56796, 0.5857, 0.61225, 0.63919, 0.44121, 0.45099, 0.45979, 0.46522, 0.48448, 0.5027, 0.5183, 0.53377, 0.75394, 0.56595, 0.58843, 0.6113, 0.65961, 0.4709, 0.48109, 0.48738, 0.49424, 0.51052, 0.52587, 0.53879, 0.5579, 0, 0.58935, 0.60973, 0.62856, 0.63835, 0.43873, 0.45305, 0.46061, 0.46781, 0.48225, 0.49875, 0.51599, 0.53374, 0.75489, 0.56591, 0.58627, 0.60808], [0.64635, 0.46837, 0.47523, 0.48569, 0.49434, 0.49868, 0.51699, 0.53131, 0.54543, 0.56779, 0.77807, 0.59334, 0.61369, 0.64572, 0.46611, 0.47558, 0.48636, 0.49187, 0.49871, 0.5207, 0.5338, 0.54782, 0.56738, 0.77938, 0.59397, 0.61571, 0.66328, 0.49683, 0.50377, 0.51295, 0.52126, 0.52675, 0.54251, 0.55579, 0.57133, 0.58935, 0, 0.61447, 0.63727, 0.64703, 0.46757, 0.47543, 0.48816, 0.49582, 0.49893, 0.51656, 0.5311, 0.54996, 0.57068, 0.77863, 0.59514, 0.61979], [0.65136, 0.49565, 0.50556, 0.51125, 0.52167, 0.52969, 0.53777, 0.54987, 0.56976, 0.58634, 0.5923, 0.80391, 0.62555, 0.65516, 0.49367, 0.50286, 0.51478, 0.52438, 0.53161, 0.53479, 0.5539, 0.569, 0.58543, 0.59299, 0.80154, 0.62497, 0.66977, 0.51998, 0.5308, 0.53973, 0.54909, 0.55669, 0.56298, 0.57611, 0.59132, 0.60973, 0.61447, 0, 0.64194, 0.65315, 0.49347, 0.505, 0.51291, 0.5248, 0.5336, 0.53386, 0.55099, 0.56984, 0.58384, 0.58996, 0.8025, 0.62345], [0.6621, 0.52643, 0.53521, 0.54555, 0.55372, 0.5615, 0.56961, 0.57804, 0.58998, 0.61042, 0.61907, 0.62386, 0.82747, 0.66167, 0.52776, 0.5333, 0.54412, 0.55292, 0.56136, 0.56845, 0.57584, 0.59187, 0.60969, 0.61697, 0.624, 0.82489, 0.67606, 0.55261, 0.56147, 0.5696, 0.57676, 0.5863, 0.59355, 0.59821, 0.61136, 0.62856, 0.63727, 0.64194, 0, 0.66089, 0.52526, 0.53653, 0.54333, 0.55575, 0.56218, 0.57176, 0.57623, 0.59136, 0.60875, 0.61773, 0.62676, 0.82603], [0.8534, 0.56829, 0.57848, 0.59063, 0.59288, 0.59431, 0.60473, 0.61483, 0.62085, 0.63981, 0.64602, 0.65275, 0.66352, 0.85405, 0.56868, 0.5806, 0.58956, 0.59609, 0.5953, 0.60235, 0.61377, 0.62124, 0.63798, 0.64796, 0.65316, 0.66379, 0.85491, 0.56632, 0.57855, 0.58615, 0.59496, 0.59501, 0.60656, 0.61488, 0.62054, 0.63835, 0.64703, 0.65315, 0.66089, 0, 0.59044, 0.60268, 0.61062, 0.61662, 0.61687, 0.6271, 0.63608, 0.64227, 0.65735, 0.66501, 0.67105, 0.67585], [0.56677, 0.51057, 0.35274, 0.36431, 0.37411, 0.36853, 0.37318, 0.39614, 0.41579, 0.44092, 0.46565, 0.49586, 0.52444, 0.56816, 0.51464, 0.35291, 0.3629, 0.37237, 0.37159, 0.37497, 0.3952, 0.41712, 0.44073, 0.4634, 0.49706, 0.52457, 0.56701, 0.51434, 0.35367, 0.36397, 0.37676, 0.37112, 0.37475, 0.3954, 0.41584, 0.43873, 0.46757, 0.49347, 0.52526, 0.59044, 0, 0.38825, 0.39687, 0.40939, 0.40751, 0.40773, 0.42804, 0.44709, 0.47316, 0.49744, 0.51955, 0.55341], [0.58058, 0.35429, 0.54537, 0.38328, 0.3966, 0.3903, 0.39666, 0.40386, 0.42448, 0.45152, 0.47479, 0.50142, 0.53514, 0.57907, 0.35375, 0.54399, 0.38369, 0.39216, 0.39243, 0.39466, 0.4018, 0.42519, 0.45116, 0.47224, 0.5056, 0.53558, 0.5789, 0.35128, 0.54377, 0.38327, 0.39289, 0.38917, 0.39306, 0.40155, 0.4263, 0.45305, 0.47543, 0.505, 0.53653, 0.60268, 0.38825, 0, 0.41427, 0.42647, 0.42323, 0.42738, 0.43325, 0.45604, 0.4782, 0.50474, 0.53194, 0.56297], [0.58639, 0.36353, 0.38217, 0.57826, 0.41346, 0.41014, 0.41707, 0.42119, 0.43243, 0.46011, 0.48444, 0.51477, 0.54563, 0.58381, 0.36235, 0.38267, 0.57867, 0.41301, 0.40821, 0.41319, 0.42511, 0.43299, 0.46026, 0.48513, 0.51625, 0.5455, 0.59025, 0.3609, 0.38129, 0.57636, 0.41246, 0.41306, 0.41435, 0.42113, 0.43292, 0.46061, 0.48816, 0.51291, 0.54333, 0.61062, 0.39687, 0.41427, 0, 0.44451, 0.4422, 0.44606, 0.45052, 0.4621, 0.48753, 0.51267, 0.54044, 0.5685], [0.59451, 0.37535, 0.39447, 0.41295, 0.61056, 0.42949, 0.43533, 0.4431, 0.45164, 0.46522, 0.49292, 0.52162, 0.55471, 0.59813, 0.3743, 0.39414, 0.41445, 0.6099, 0.42689, 0.43385, 0.44074, 0.45014, 0.46673, 0.49774, 0.52195, 0.55415, 0.59724, 0.3721, 0.39413, 0.41322, 0.61064, 0.42841, 0.43232, 0.44048, 0.45199, 0.46781, 0.49582, 0.5248, 0.55575, 0.61662, 0.40939, 0.42647, 0.44451, 0, 0.4591, 0.46395, 0.47227, 0.48374, 0.49563, 0.52185, 0.54473, 0.57714], [0.59519, 0.36882, 0.38823, 0.41308, 0.43191, 0.63999, 0.44692, 0.45981, 0.46891, 0.48265, 0.49611, 0.52973, 0.5614, 0.59332, 0.37348, 0.38937, 0.41055, 0.42677, 0.6416, 0.4499, 0.45861, 0.46813, 0.48511, 0.50131, 0.53384, 0.55926, 0.59283, 0.3697, 0.39027, 0.40941, 0.43036, 0.63857, 0.4504, 0.45943, 0.466, 0.48225, 0.49893, 0.5336, 0.56218, 0.61687, 0.40751, 0.42323, 0.4422, 0.4591, 0, 0.48211, 0.48605, 0.49743, 0.51176, 0.52708, 0.55617, 0.5848], [0.60354, 0.37389, 0.3934, 0.41428, 0.4345, 0.4506, 0.66862, 0.4753, 0.48486, 0.50159, 0.51503, 0.53591, 0.57117, 0.60441, 0.37288, 0.3949, 0.41439, 0.43049, 0.44693, 0.66846, 0.47312, 0.48475, 0.5011, 0.51521, 0.53735, 0.5701, 0.60363, 0.37407, 0.3953, 0.41638, 0.43238, 0.44764, 0.66822, 0.47475, 0.48819, 0.49875, 0.51656, 0.53386, 0.57176, 0.6271, 0.40773, 0.42738, 0.44606, 0.46395, 0.48211, 0, 0.50273, 0.5135, 0.52604, 0.54158, 0.55992, 0.59459], [0.61424, 0.394, 0.40291, 0.42293, 0.44379, 0.45774, 0.47439, 0.69506, 0.5017, 0.51504, 0.53303, 0.55127, 0.57647, 0.61283, 0.39577, 0.40107, 0.41948, 0.44155, 0.45802, 0.47259, 0.69578, 0.49911, 0.5181, 0.53361, 0.55591, 0.57677, 0.61374, 0.39624, 0.40184, 0.42216, 0.44121, 0.45799, 0.47246, 0.69527, 0.50031, 0.51599, 0.5311, 0.55099, 0.57623, 0.63608, 0.42804, 0.43325, 0.45052, 0.47227, 0.48605, 0.50273, 0, 0.52877, 0.53985, 0.55719, 0.57419, 0.59703], [0.62249, 0.41763, 0.42383, 0.43218, 0.4507, 0.46831, 0.48683, 0.49951, 0.72491, 0.53252, 0.5478, 0.56786, 0.59191, 0.62371, 0.41722, 0.42771, 0.43145, 0.45507, 0.46899, 0.48668, 0.49842, 0.72261, 0.53278, 0.54747, 0.56598, 0.59038, 0.62112, 0.41603, 0.42587, 0.43474, 0.44956, 0.46839, 0.48545, 0.50019, 0.72456, 0.53374, 0.54996, 0.56984, 0.59136, 0.64227, 0.44709, 0.45604, 0.4621, 0.48374, 0.49743, 0.5135, 0.52877, 0, 0.558, 0.57063, 0.59296, 0.61471], [0.63951, 0.44413, 0.452, 0.45853, 0.46734, 0.48442, 0.5007, 0.51587, 0.532, 0.75302, 0.56349, 0.58586, 0.61008, 0.6376, 0.44018, 0.44879, 0.4589, 0.46566, 0.48129, 0.50105, 0.51861, 0.52916, 0.75248, 0.56828, 0.58513, 0.61099, 0.63723, 0.44085, 0.45105, 0.45542, 0.46599, 0.48385, 0.49859, 0.51882, 0.52967, 0.75489, 0.57068, 0.58384, 0.60875, 0.65735, 0.47316, 0.4782, 0.48753, 0.49563, 0.51176, 0.52604, 0.53985, 0.558, 0, 0.58756, 0.60815, 0.62695], [0.64484, 0.46626, 0.47539, 0.48488, 0.49501, 0.49903, 0.51424, 0.53475, 0.54938, 0.56815, 0.77927, 0.59364, 0.61662, 0.64443, 0.469, 0.47728, 0.48528, 0.49413, 0.49961, 0.51381, 0.53248, 0.55053, 0.56788, 0.77899, 0.59369, 0.61622, 0.64793, 0.46934, 0.47616, 0.48255, 0.49321, 0.49884, 0.51782, 0.5328, 0.54887, 0.56591, 0.77863, 0.58996, 0.61773, 0.66501, 0.49744, 0.50474, 0.51267, 0.52185, 0.52708, 0.54158, 0.55719, 0.57063, 0.58756, 0, 0.61418, 0.63969], [0.653, 0.49396, 0.50584, 0.51298, 0.51915, 0.52997, 0.53512, 0.55392, 0.5689, 0.58757, 0.59246, 0.80298, 0.62242, 0.65495, 0.49531, 0.5047, 0.51137, 0.51904, 0.53209, 0.53699, 0.55426, 0.56843, 0.58798, 0.59302, 0.80163, 0.62491, 0.65481, 0.49449, 0.50792, 0.51337, 0.52272, 0.53354, 0.53661, 0.55475, 0.56548, 0.58627, 0.59514, 0.8025, 0.62676, 0.67105, 0.51955, 0.53194, 0.54044, 0.54473, 0.55617, 0.55992, 0.57419, 0.59296, 0.60815, 0.61418, 0, 0.64618], [0.66256, 0.52643, 0.53432, 0.54579, 0.55289, 0.56142, 0.56952, 0.57581, 0.59259, 0.6104, 0.6163, 0.6265, 0.82689, 0.66451, 0.5238, 0.5344, 0.54475, 0.55318, 0.56211, 0.56961, 0.57737, 0.59338, 0.61092, 0.61796, 0.62632, 0.82643, 0.66405, 0.5248, 0.53825, 0.54506, 0.55252, 0.56082, 0.56917, 0.57512, 0.59277, 0.60808, 0.61979, 0.62345, 0.82603, 0.67585, 0.55341, 0.56297, 0.5685, 0.57714, 0.5848, 0.59459, 0.59703, 0.61471, 0.62695, 0.63969, 0.64618, 0]]
